8 0.98 4.0
66.84993036095454
-0.9104778241123157
-0.9112239111495519
-0.9120132857287879
-0.9128480744313031
-0.9137304163890655
-0.9146625087457733
-0.9156465837685028
-0.916684880745112
-0.9177796499380578
-0.9189331304566641
-0.9201475309040146
-0.9214249897657094
-0.9227675753390209
-0.9241772588003628
-0.9256558609434685
-0.9272050274269308
-0.9288261701695543
-0.9305204377659918
-0.9322886651954899
-0.9341312952413634
-0.9360483328653667
-0.9380392623092731
-0.9401029785697517
-0.942237679581236
-0.944440797387061
-0.9467089083678534
-0.9490376017801525
-0.9514213771116424
-0.9538535373022107
-0.9563260588704423
-0.958829469760697
-0.9613527313613822
-0.9638830896613295
-0.9664059643947565
-0.9689048129810184
-0.9713610231297387
-0.9737537979125822
-0.9760600543216742
-0.9782543476827238
-0.9803087932572271
-0.9821930376789951
-0.9838742389673111
-0.9853170703703265
-0.9864837760474543
-0.9873342596104453
-0.9878262049593441
-0.9879152469070289
-0.9875551884975748
-0.9866982646043254
-0.9852954540954539
-0.9832968416917902
-0.9806520264533235
-0.9773105794740107
-0.9732225350416601
-0.9683389247578076
-0.9626123564449821
-0.9559975972234542
-0.9484521846363951
-0.9399370614854061
-0.9304171953780968
-0.9198622165355816
-0.9082469964654991
-0.8955522312132016
-0.8817650171787657
-0.8668793361013676
-0.8508965048519568
-0.8338255286357755
-0.8156834731677193
-0.7964956778103048
-0.7762959432715327
-0.7551265583249236
-0.7330382396710375
-0.7100900883832432
-0.6863492445179986
-0.661890565297794
-0.6367960365495816
-0.6111541565803651
-0.5850590891964083
-0.5586095405770354
-0.5319075679631945
-0.5050569465302915
-0.4781617590679397
-0.45132531098005285
-0.42464905812536763
-0.39823196441119874
-0.3721699358616617
-0.34655509541731344
-0.3214752415274704
-0.29700727244616315
-0.2731961796472677
-0.2500663366836598
-0.2276542495705996
-0.206014209800447
-0.18521532180021258
-0.16533705960654163
-0.1464633713101779
-0.12867545824162238
-0.11204395892073689
-0.09662142125842346
-0.08243716678247605
-0.06949752960312222
-0.0577961658054875
-0.04733284037719094
-0.03811005996079693
-0.030117413838103544
-0.023323373554803035
-0.01767157263601438
-0.013080534075635978
-0.009446365131959856
-0.006648205053169928
-0.0045557139987328745
-0.0030375082567846135
-0.0019692861066326617
-0.0012404084921523745
-0.0007580848958850804
-0.0004487507534702171
-0.00025680848712102556
-0.00014183900460371899
-7.550547354582704e-05
-3.869909291213406e-05
-1.9078852886844573e-05
-9.037610483196708e-06
-4.1080819705780705e-06
-1.7888559501515389e-06
-7.446637769234222e-07
-2.9576634026422475e-07
-1.1168730372178919e-07
24.392469487698367
0.3188277953742512
0.31827894055392913
0.31769116107302586
0.31706151821996603
0.3163868615912604
0.3156637685874122
0.31488853143690765
0.31405714571461724
0.31316526994907923
0.3122082012788355
0.3111808444754798
0.3100776934644143
0.3088927739368303
0.3076196014727757
0.30625115712979273
0.3047798310790333
0.3031973901250341
0.3014949100911762
0.29966271814346257
0.29769035581044934
0.2955664993449214
0.2932789092634809
0.2908143549229344
0.28815857595600874
0.285296189276686
0.2822106082960797
0.278884010150336
0.2752972618124221
0.271429844072758
0.26725980687159157
0.2627637149481261
0.2579165873697632
0.25269190368840677
0.2470615564290201
0.24099587515085127
0.23446362083618214
0.22743203668371775
0.2198669254261481
0.2117327211139743
0.2029926673415155
0.19360893566211915
0.1835428337180625
0.17275511109807937
0.16120622799482703
0.14885666079833704
0.1356673265712961
0.1216000298012748
0.1066179462508934
0.09068614918036087
0.0737721952112933
0.05584674799079778
0.036884228477464205
0.01686351962322508
-0.004231364920151388
-0.02641055507509238
-0.04967756069455917
-0.07402861620952574
-0.09945198741515605
-0.12592727042350543
-0.15342480454610807
-0.1819050684895235
-0.21131826042475785
-0.2416038548836916
-0.27269019403406014
-0.3044943023579058
-0.3369217547972249
-0.3698667114945473
-0.40321188899954696
-0.43682882821032576
-0.470578176008306
-0.5043102005973835
-0.5378653902326973
-0.5710750028718635
-0.6037620379294838
-0.6357420985752252
-0.6668245556535578
-0.6968136926882204
-0.7255100824752246
-0.7527121937502111
-0.7782179842611495
-0.8018268993283655
-0.8233415743247126
-0.8425691773574556
-0.8593226280621711
-0.8734213985981819
-0.8846922369719965
-0.8929698596186413
-0.8980974478105147
-0.8999270844508356
-0.8983125920018492
-0.8930903768834081
-0.8840759154134398
-0.871075384136525
-0.8539014209252157
-0.8323921234164323
-0.8064330859992451
-0.7759816932320017
-0.7410925487929397
-0.7019415778418255
-0.6588456401288372
-0.6122728001179677
-0.5628368488357797
-0.5112762274021436
-0.45844287780772747
-0.4052902428682531
-0.35283910760393655
-0.30212654359601815
-0.2541441671416706
-0.2097707232137516
-0.169708583556955
-0.13443400332217628
-0.10416958600289242
-0.07888467844914558
-0.0583234895999389
-0.04205620347698632
-0.029542506354315292
-0.020191631153746656
-0.013411375318663123
-0.008646373240165995
-0.005404477099432305
-0.0032714701870403266
-0.0019155291858828753
-0.001083563577256392
-0.0005912103913652425
-0.0003103620558123184
-0.00015614705887509976
-7.470613512388195e-05
12.262130424143814
0.18476199158082124
0.18408025638579611
0.18335245420908958
0.1825753820838935
0.18174564122128337
0.1808595711350702
0.17991324382900692
0.17890246076472568
0.1778227158472277
0.17666917961035297
0.17543667695245596
0.174119681536049
0.17271226548743238
0.17120807027614787
0.16960030053407016
0.1678816825201039
0.16604445347129262
0.1640803128903817
0.16198038917844132
0.15973523347412463
0.15733476835987728
0.1547682743155672
0.15202435229349878
0.14909093214681346
0.14595522524365703
0.14260369705011075
0.13902209766607604
0.13519545275626121
0.13110805903947956
0.12674351988731533
0.12208477703157065
0.11711414333863371
0.11181341129762697
0.10616391295109619
0.10014666087367328
0.09374246649198448
0.0869321210932995
0.07969660836628188
0.07201731754064289
0.06387636268440028
0.055256848618803506
0.04614322478036619
0.03652172962053902
0.026380803479183822
0.015711530958354432
0.004508180279804096
-0.007231249817399564
-0.019504465424111134
-0.03230429382011507
-0.04561806015792215
-0.0594269580948125
-0.07370544159143297
-0.08842061495795082
-0.10353169545695637
-0.11898947119663801
-0.13473576640905036
-0.15070306471995673
-0.16681418243576998
-0.1829820173801915
-0.1991094280415566
-0.2150891553295914
-0.2308039783867646
-0.24612696363384787
-0.2609218308729356
-0.2750434739240737
-0.2883386123285938
-0.3006466680122702
-0.31180072592468033
-0.3216286519330503
-0.32995427924756704
-0.33659885142329915
-0.34138259345336364
-0.34412631604560473
-0.34465313279290216
-0.34279037066727436
-0.33837165025320015
-0.33123899753170855
-0.32124504409190086
-0.3082554778083569
-0.2921518043450199
-0.27283404681067586
-0.25022333436420297
-0.2242642843610829
-0.19492691625221498
-0.16220848803165175
-0.1261353649712692
-0.0867648756324887
-0.044187328270190264
0.0014837395596186253
0.05015825852927753
0.10176472535927532
0.15617987480804663
0.2131909598245052
0.2724691204832277
0.3335425027834916
0.3957708923611809
0.45832411242780324
0.5201673053889861
0.5800590231347356
0.6365656144668794
0.6880998931124622
0.7329906233205684
0.7695796554293421
0.7963152399034789
0.8118480910212849
0.8151469993876362
0.8056155827482505
0.7831941293537485
0.7484293935671362
0.7024951067763564
0.6471525841427926
0.5846479324784727
0.5175536110201885
0.4485712342860532
0.380322215734391
0.31515982942164344
0.2550173861307011
0.2013035698783175
0.1548610048304637
0.11598244739690555
0.08447399828493023
0.05975508368681906
0.0409854860076809
0.02718686857684808
0.017361819569298352
0.010592831599137648
0.006092830121228665
7.986731015455167
-0.11933577990311578
-0.11873898428383002
-0.11810253282855754
-0.11742375345214334
-0.11669982251897347
-0.11592770995112191
-0.11510417723142423
-0.11422577812964277
-0.11328883026869124
-0.1122894056476572
-0.11122331607707084
-0.11008611357578896
-0.10887305275300414
-0.10757907235139268
-0.10619879730546174
-0.10472651120876347
-0.10315615627293068
-0.10148130172384108
-0.0996951266479284
-0.09779042724646667
-0.09575958705226609
-0.09359458079401856
-0.09128695969821209
-0.08882787718298957
-0.08620806944684523
-0.0834178552413977
-0.08044718615465052
-0.07728566593273463
-0.07392257624134405
-0.07034693816801874
-0.06654757300777449
-0.06251316680230053
-0.058232399174161995
-0.05369403508656728
-0.04888708431942742
-0.04380094461361626
-0.03842559721550123
-0.03275182860398266
-0.026771453591477378
-0.020477621506991187
-0.013865079670067426
-0.006930503703553121
0.00032710795239397964
0.00790607179970461
0.015801639921793086
0.024005556760140753
0.03250562307914107
0.04128526150574029
0.050323086496902834
0.05959247375038468
0.06906115225674068
0.07869083531780963
0.08843688214141142
0.09824804454451405
0.10806625767107983
0.11782649821280125
0.12745678101138097
0.1368782301091029
0.14600525163985065
0.15474586063878018
0.16300212219811666
0.17067075524894057
0.17764383699810535
0.18380964052978835
0.18905367282552812
0.1932598270707507
0.1963116456401146
0.19809368013509526
0.19849303712659586
0.1974010468148718
0.1947149689366081
0.19033975999056438
0.1841900148613792
0.17619202569201206
0.1662858257599357
0.15442724283230416
0.14059018846745036
0.12476914376815815
0.10698151899314899
0.08727023723050777
0.06570653433674899
0.04239279283466591
0.017464698124903234
-0.008907089517749423
-0.036514702389136997
-0.06511088018873551
-0.09440727046292918
-0.12407223266209913
-0.1537350740061704
-0.18300838776001271
-0.2114677263415631
-0.23859604956662916
-0.26375791518998093
-0.2861862709745261
-0.3049737986298095
-0.3190707991713641
-0.3272959918025794
-0.32836234042249585
-0.320920763045256
-0.30363140544598693
-0.2752621693888084
-0.2348181744929937
-0.1816991115967538
-0.11583426452210611
-0.03780913181532953
0.05102464293872358
0.1484752009041228
0.2514987031794958
0.3562737703035665
0.45837316704315284
0.5530352665257948
0.6355207619745904
0.7015172261846747
0.7475519034543209
0.7713452465365265
0.7720596288846773
0.7504046096064846
0.7085785301065847
0.6500473066210487
0.5791755178255991
0.5007572326928172
0.41951902661327384
0.33969671047747985
0.26471847282497835
0.1971255126758142
0.13872845623739347
0.09071672653069437
5.816981945032234
0.09533532296940773
0.0947628186872527
0.09415266035341233
0.09350236060246432
0.0928092981273055
0.09207066662156932
0.09128347464724855
0.09044454828276417
0.0895505061396118
0.0885977527968417
0.08758246768078545
0.08650060851804059
0.08534787897067536
0.08411971501806234
0.08281129127854753
0.0814174997391942
0.07993295513358997
0.07835197107120076
0.07666855063337935
0.07487640074483666
0.07296891245471074
0.0709391738546077
0.06877996656563001
0.06648380113672984
0.06404291135230913
0.06144926793134527
0.058694640546152595
0.05577063225729497
0.052668721494513536
0.049380338609280254
0.045896943175232637
0.04221010635015657
0.03831165353294536
0.03419377426478187
0.029849194606538832
0.025271335206948138
0.02045451758977289
0.015394193839005178
0.010087176977325212
0.004531943993544744
-0.001271101356474153
-0.007319309376228297
-0.013607414901258972
-0.02012720478503657
-0.026867176505478842
-0.0338121506576882
-0.04094290181082037
-0.04823580450128033
-0.05566249975076596
-0.06318958636083584
-0.07077835464425802
-0.07838457248640385
-0.08595832299852009
-0.09344393982659753
-0.10078001582467638
-0.10789951470970299
-0.11473001621677623
-0.12119404988010722
-0.12720954529561881
-0.13269044833699836
-0.13754748319984075
-0.14168904251440326
-0.14502217616258584
-0.14745371140442012
-0.1488915740270648
-0.1492462037868695
-0.14843202049078755
-0.14636897259884335
-0.14298423827064616
-0.13821403337952842
-0.13200536137899835
-0.12431776977761272
-0.11512525785615838
-0.10441822593258111
-0.09220534514053634
-0.07851534557611875
-0.06339898262773362
-0.04693110968415776
-0.029212561197456927
-0.01037217466969301
0.009431119802462713
0.030006342100224407
0.05112927806014322
0.07254192126297705
0.09395176520280903
0.11503132497221082
0.13541816919624203
0.15471486714368465
0.1724930570577936
0.18830393340119883
0.20165713608030963
0.21198687324067678
0.21864464607112563
0.22090430661722038
0.2179766923592552
0.20903710256762584
0.1932680382672817
0.16992167830964836
0.13840528067665042
0.09838926109675215
0.04994066366117646
-0.006321965614838354
-0.06907291383588923
-0.13616797575997042
-0.20459441230107983
-0.2704762742753179
-0.329179483122185
-0.3755338837796936
-0.40419365383072847
-0.4101269843406213
-0.38920938852497167
-0.3388542968730134
-0.25861303345744374
-0.15061634266462737
-0.019783793135484815
0.12630244258492263
0.2778739725891799
0.4238145705866008
0.5527620939908143
0.6542703397757966
0.7199183756134963
0.7442652805269201
0.7255320266137929
0.6660163085542338
0.5723630535591543
0.4556383989535957
0.3304795651594542
4.081084629424388
-0.08980889710758294
-0.0891662341169038
-0.08848172930741084
-0.08775267382049354
-0.08697622095670812
-0.08614933061036785
-0.08526877107101832
-0.08433112413073812
-0.08333275954956319
-0.08226983045199468
-0.08113826396996958
-0.07993376848947574
-0.07865180140660347
-0.07728755833269745
-0.07583598497329912
-0.07429175891275996
-0.07264930162259853
-0.07090275877615203
-0.069045997476344
-0.06707263057956207
-0.06497600433797417
-0.0627492230766247
-0.060385156943149186
-0.05787649351774961
-0.05521574567782843
-0.052395282294781645
-0.04940741298756304
-0.04624444417384495
-0.0428987450009209
-0.03936285226444051
-0.03562957755365709
-0.03169212142736998
-0.027544253419965616
-0.023180457917296993
-0.018596146842831146
-0.013787857035876986
-0.008753498637044322
-0.0034926267637540556
0.001993288047009757
0.007700517159529575
0.013622777349566389
0.01975088167604516
0.026072348499676466
0.0325710611928666
0.039226929294985266
0.04601551787395781
0.052907713600329635
0.059869426431824746
0.06686133576476712
0.07383869390942918
0.08075120277618769
0.08754297000463243
0.09415254998739368
0.10051311390451743
0.10655273351000318
0.11219481432804046
0.11735868226232062
0.12196028704179539
0.12591305080547693
0.12912890448076578
0.13151949994395676
0.1329975385938565
0.13347820235278843
0.13288071233360688
0.13113006144273567
0.12815881626253767
0.12390892108494045
0.11833355307171076
0.11139903610554462
0.10308679513460449
0.09339518150425775
0.08234122720617106
0.06996243068596238
0.0563184102305168
0.04149246615997804
0.02559295062169431
0.008754622403115283
-0.00886011148483642
-0.027060103936202545
-0.0456243292070155
-0.06430103906762343
-0.08280743472278689
-0.10083023574038462
-0.11802720407864017
-0.1340293375305983
-0.14844361188576516
-0.16085624229035758
-0.17083652314516107
-0.17794327752516925
-0.1817275742724854
-0.18171497282849122
-0.17739673637997905
-0.16824577034828248
-0.15374506547223127
-0.1334300746021114
-0.10694839151629096
-0.07413471785364614
-0.035104398476107454
0.009634688684768404
0.05906171524777545
0.11151844724718976
0.1645951451796748
0.21506524145400707
0.2589386220063588
0.2916502412221666
0.308381873455271
0.3045421923857034
0.27640969447825026
0.2218937575281046
0.14134355302601145
0.038262580364082914
-0.08022184171584858
-0.20334584514594148
-0.31729200662700807
-0.40651484880101213
-0.4557219162809975
-0.4523808386613757
-0.38936721903222116
-0.26723920299806814
-0.09579382004182697
0.10572782039776162
0.31037045810875236
0.4872287382267627
0.6071664078654088
0.6498559961161575
0.6103774180038122
0.502677774953464
2.5730532560084
0.08003509924670382
0.07934008919901192
0.078600354329201
0.07781306713549539
0.07697526629335237
0.07608379869278324
0.07513532376130369
0.07412632158870994
0.07305306837638728
0.0719116348390809
0.0706978799106009
0.0694074627111599
0.06803581269414266
0.06657812349585736
0.06502937167541788
0.06338430400277337
0.06163745783259577
0.05978314862186824
0.05781547659023974
0.05572836321257062
0.05351555001972021
0.051170637976108296
0.0486871104362091
0.046058403779343914
0.043277933663015196
0.04033914726688671
0.03723563373996635
0.03396120630400411
0.030509996640470643
0.02687659146122129
0.02305617288944677
0.019044667680727285
0.014838964795810301
0.01043709855942161
0.005838499244109359
0.0010442269225778558
-0.003942744995762474
-0.009117226564098326
-0.014471514157280218
-0.019995029345605483
-0.025674012162562786
-0.03149117417850028
-0.037425327674863645
-0.04345108344899182
-0.04953856995903976
-0.05565314836729732
-0.061755192534859595
-0.06779993600255149
-0.0737373981739452
-0.07951240671587609
-0.08506473265850267
-0.09032934453059441
-0.0952367895972892
-0.09971373844119923
-0.10368367981922236
-0.1070677940857739
-0.10978600072298471
-0.11175814788180255
-0.11290536014555468
-0.1131515498906558
-0.11242507481902453
-0.11066049160242317
-0.10780038698253243
-0.10379727734883908
-0.09861552664763987
-0.09223325621756981
-0.08464419417701576
-0.07585947882698907
-0.06590927162739098
-0.054844221632837316
-0.04273675429291364
-0.029682156645158553
-0.015799407059479912
-0.0012315506708391163
0.01385397145488659
0.02926531797339484
0.044786604661479254
0.060178727902848825
0.07518019230993384
0.08950801545752315
0.10285936324114636
0.11491424816017652
0.12533933392718755
0.13379306453003037
0.13993229757176054
0.14341985321642703
0.14393265047656498
0.1411709525542195
0.13486755275832715
0.1247840171979572
0.11070553588622092
0.09246582343589162
0.06998717995917604
0.043329390252416757
0.012749383246354098
-0.021229262799747052
-0.05774120413201703
-0.09550495055129528
-0.13275992437908243
-0.16722680794905306
-0.19611409783896677
-0.21619151432483005
-0.22396616504068562
-0.21606304228163237
-0.18976618885887878
-0.1436796360350933
-0.078447596579608
0.0025634274782454316
0.09278528726341388
0.18238714526026714
0.2588437485241077
0.3083241719702479
0.31793410510191406
0.27867873298986134
0.18864395066734305
0.05568723736194657
-0.10135399876119709
-0.2538980045393191
-0.3678250429462197
-0.4109139155341497
-0.3622597616457791
-0.22106748671996843
-0.011598563984458736
0.21913116863554982
0.41310602857995604
0.5201237631382095
0.5172257375119023
1.4512946133181923
-0.06623057520201747
-0.06552894952822344
-0.06478272243466837
-0.06398914507241103
-0.06314534915902381
-0.06224829065943647
-0.061294756605718766
-0.060281375998180016
-0.059204598212290356
-0.058060694921220034
-0.05684575776140326
-0.05555571477979027
-0.05418630562046082
-0.05273308121232133
-0.05119142902568802
-0.04955656778385492
-0.0478235760763438
-0.045987389376105275
-0.04404281738300168
-0.041984592167199984
-0.03980738048630736
-0.03750583780973361
-0.035074647890737914
-0.032508610912241394
-0.029802690060010285
-0.02695208586473615
-0.023952369178883395
-0.02079958843786955
-0.017490391001815386
-0.014022186994369705
-0.010393318181665528
-0.0066032365931511785
-0.0026527484023264086
0.0014557753492545676
0.005718125780868384
0.010128001774858442
0.014676714080007107
0.019352878495169815
0.024142123915013976
0.029026755337347377
0.03398548189511459
0.03899312836888617
0.04402035045452339
0.0490334368621651
0.05399416427755425
0.05885969033606221
0.06358254786100784
0.0681107458744003
0.07238799049275954
0.07635403290812706
0.07994516779202464
0.08309489805825306
0.08573476563401375
0.08779536741763191
0.08920752898102388
0.08990363231444308
0.08981912375903323
0.08889416262839177
0.0870753935777418
0.08431777532220874
0.0805864204715114
0.07585847855434547
0.07012500719824144
0.06339276323764868
0.05568571511833442
0.04704638707767009
0.0375370341551839
0.027240586761458015
0.016261063648582305
0.004723560002996091
-0.007226015165303118
-0.01942157850695134
-0.03167805101607965
-0.04379325788090175
-0.05554989304206368
-0.06671789899883558
-0.07705733560224884
-0.08632181369106948
-0.09426188687775838
-0.10062853782347551
-0.10517718539488621
-0.10767300159849351
-0.10789796695370295
-0.10565933812233018
-0.10079915654375847
-0.09320463507212914
-0.08281928384441392
-0.06965450451147107
-0.053797019559596815
-0.03540080305061213
-0.014696394957482758
0.007964819858363618
0.03206957308915766
0.05690305191427306
0.08151315374492182
0.10468670069343168
0.12494102652682364
0.140546463703633
0.1495962041471029
0.1501289117767283
0.14032150681435804
0.1187570666892733
0.08477398487022053
0.038967482171785535
-0.016280074354797853
-0.07642149064901244
-0.13464161132157304
-0.18222234317210179
-0.20952357922384607
-0.20767871512902644
-0.17090491249585416
-0.09909230112171559
-1.4044938891576371e-05
0.10976454379023436
0.20628717271549182
0.26261111346198396
0.25616874162863934
0.17767434259247397
0.03888932794611302
-0.1250570118552915
-0.26197018308653847
-0.31820341572964006
-0.260289279609606
-0.09425516563013571
0.12947191249321927
0.3321448223570178
0.44055425728848285
